Gon = [
3.60E+05	3.40E+05	3.80E+05
3.00E+05	3.20E+05	3.00E+05
2.00E+06	1.80E+06	2.00E+06
3.20E+06	3.00E+06	3.00E+06
4.00E+06	3.60E+06	3.20E+06
3.80E+06	5.40E+06	4.40E+06
7.20E+06	9.60E+06	6.80E+06
1.04E+07	1.36E+07	1.00E+07
1.60E+07	2.00E+07	1.80E+07
2.80E+07	3.00E+07	3.40E+07
5.60E+07	4.80E+07	4.60E+07
9.00E+07	8.40E+07	8.40E+07
1.26E+08	1.24E+08	1.38E+08
1.60E+08	1.80E+08	1.80E+08
2.60E+08	2.20E+08	2.80E+08
4.80E+08	5.00E+08	4.80E+08
8.60E+08	9.40E+08	8.40E+08
1.08E+09	1.12E+09	1.34E+09
1.24E+09	1.26E+09	1.20E+09
1.02E+09	1.16E+09	1.40E+09
1.34E+09	1.32E+09	1.38E+09
1.28E+09	1.26E+09	1.18E+09
1.50E+09	1.26E+09	1.18E+09
1.28E+09	1.20E+09	1.20E+09
1.44E+09	1.30E+09	1.22E+09];

G1 = [4.00E+05	3.00E+05	3.40E+05
5.60E+05	5.20E+05	7.00E+05
1.40E+06	1.60E+06	1.60E+06
3.00E+06	2.60E+06	3.40E+06
4.60E+06	3.20E+06	4.60E+06
6.20E+06	5.40E+06	8.00E+06
1.00E+07	9.80E+06	9.00E+06
1.40E+07	2.00E+07	1.60E+07
2.20E+07	3.60E+07	3.20E+07
3.40E+07	4.00E+07	6.20E+07
5.40E+07	7.20E+07	8.00E+07
8.60E+07	1.04E+08	1.10E+08
1.60E+08	2.20E+08	2.00E+08
2.40E+08	3.20E+08	2.80E+08
4.60E+08	4.80E+08	5.40E+08
6.80E+08	6.60E+08	7.80E+08
9.00E+08	8.60E+08	9.00E+08
1.20E+09	1.14E+09	1.12E+09
1.22E+09	1.38E+09	1.20E+09
1.30E+09	1.26E+09	1.40E+09
1.32E+09	1.24E+09	1.42E+09
1.40E+09	1.30E+09	1.32E+09
1.36E+09	1.14E+09	1.34E+09
1.26E+09	1.20E+09	1.50E+09
1.38E+09	1.32E+09	1.42E+09];

G2=[4.20E+05	3.80E+05	4.00E+05
6.40E+05	5.40E+05	6.00E+05
4.40E+06	4.00E+06	3.80E+06
4.40E+06	5.60E+06	5.60E+06
4.80E+06	5.80E+06	6.20E+06
9.60E+06	1.00E+07	1.04E+07
1.20E+07	1.00E+07	1.40E+07
2.00E+07	1.80E+07	2.40E+07
3.40E+07	4.00E+07	3.80E+07
6.60E+07	8.00E+07	7.00E+07
1.08E+08	1.10E+08	1.12E+08
2.00E+08	1.80E+08	1.60E+08
3.20E+08	3.20E+08	2.80E+08
4.20E+08	6.00E+08	4.80E+08
7.80E+08	8.40E+08	8.80E+08
1.08E+09	1.10E+09	1.06E+09
1.08E+09	1.18E+09	1.16E+09
1.20E+09	1.28E+09	1.18E+09
1.34E+09	1.16E+09	1.00E+09
1.40E+09	1.36E+09	1.24E+09
1.50E+09	1.32E+09	1.22E+09
1.34E+09	1.24E+09	1.36E+09
1.48E+09	1.20E+09	1.24E+09
1.50E+09	1.28E+09	1.26E+09
1.40E+09	1.36E+09	1.30E+09];

G3=[4.20E+05	3.80E+05	3.80E+05
6.80E+05	7.40E+05	5.00E+05
3.80E+06	3.40E+06	3.60E+06
7.40E+06	6.40E+06	6.80E+06
1.10E+07	9.60E+06	1.00E+07
1.20E+07	1.24E+07	1.26E+07
1.80E+07	1.80E+07	2.40E+07
4.00E+07	3.00E+07	3.20E+07
6.60E+07	5.00E+07	6.20E+07
1.00E+08	9.60E+07	1.16E+08
1.80E+08	1.40E+08	1.60E+08
3.20E+08	2.20E+08	2.80E+08
5.60E+08	4.20E+08	4.80E+08
9.00E+08	7.80E+08	1.00E+09
1.16E+09	1.10E+09	1.04E+09
1.18E+09	1.20E+09	1.32E+09
1.20E+09	1.24E+09	1.30E+09
1.24E+09	1.38E+09	1.06E+09
1.28E+09	1.14E+09	1.38E+09
1.36E+09	1.26E+09	1.42E+09
1.44E+09	1.36E+09	1.30E+09
1.26E+09	1.38E+09	1.24E+09
1.28E+09	1.40E+09	1.42E+09
1.22E+09	1.32E+09	1.20E+09
1.36E+09	1.28E+09	1.24E+09];

G4=[5.00E+05	5.40E+05	5.00E+05
7.80E+05	7.60E+05	7.80E+05
3.40E+06	3.60E+06	3.20E+06
7.00E+06	6.80E+06	6.00E+06
1.06E+07	1.10E+07	1.14E+07
2.00E+07	1.80E+07	2.20E+07
3.20E+07	3.20E+07	2.80E+07
5.60E+07	5.40E+07	5.00E+07
1.00E+08	1.10E+08	1.16E+08
2.00E+08	1.60E+08	2.00E+08
3.20E+08	2.40E+08	3.80E+08
6.00E+08	5.40E+08	7.00E+08
9.00E+08	9.40E+08	1.00E+09
1.10E+09	1.12E+09	1.18E+09
1.22E+09	1.14E+09	1.14E+09
1.24E+09	1.20E+09	1.28E+09
1.30E+09	1.34E+09	1.18E+09
1.16E+09	1.38E+09	1.28E+09
1.10E+09	1.32E+09	1.40E+09
1.22E+09	1.34E+09	1.44E+09
1.26E+09	1.26E+09	1.40E+09
1.30E+09	1.36E+09	1.40E+09
1.28E+09	1.38E+09	1.30E+09
1.38E+09	1.40E+09	1.32E+09
1.40E+09	1.28E+09	1.34E+09];

G5=[4.80E+05	4.80E+05	4.20E+05
6.20E+05	7.40E+05	7.20E+05
3.60E+06	2.60E+06	3.40E+06
6.60E+06	4.00E+06	6.00E+06
9.20E+06	1.00E+07	1.02E+07
2.60E+07	3.00E+07	3.20E+07
5.00E+07	5.60E+07	6.20E+07
9.80E+07	1.00E+08	1.10E+08
2.00E+08	2.20E+08	1.60E+08
3.20E+08	3.80E+08	2.80E+08
5.00E+08	6.00E+08	5.20E+08
9.60E+08	8.00E+08	9.20E+08
1.16E+09	1.06E+09	1.12E+09
1.20E+09	1.28E+09	1.20E+09
1.36E+09	1.30E+09	1.26E+09
1.30E+09	1.34E+09	1.28E+09
1.38E+09	1.40E+09	1.34E+09
1.20E+09	1.34E+09	1.50E+09
1.40E+09	1.30E+09	1.38E+09
1.28E+09	1.38E+09	1.40E+09
1.36E+09	1.26E+09	1.32E+09
1.34E+09	1.28E+09	1.20E+09
1.22E+09	1.36E+09	1.40E+09
1.30E+09	1.44E+09	1.42E+09
1.36E+09	1.40E+09	1.40E+09];

G6=[4.00E+05	4.40E+05	3.60E+05
7.40E+05	7.80E+05	6.00E+05
3.20E+06	3.40E+06	3.20E+06
6.40E+06	6.20E+06	5.60E+06
9.60E+06	9.00E+06	9.80E+06
1.80E+07	2.00E+07	2.20E+07
4.00E+07	3.40E+07	4.20E+07
7.80E+07	8.60E+07	7.80E+07
1.40E+08	2.00E+08	1.80E+08
2.20E+08	2.40E+08	3.00E+08
3.60E+08	4.60E+08	5.00E+08
5.00E+08	5.40E+08	5.20E+08
6.80E+08	7.20E+08	8.00E+08
8.20E+08	8.80E+08	9.40E+08
1.14E+09	1.00E+09	1.10E+09
1.26E+09	1.14E+09	1.20E+09
1.38E+09	1.18E+09	1.28E+09
1.28E+09	1.32E+09	1.36E+09
1.40E+09	1.28E+09	1.26E+09
1.28E+09	1.36E+09	1.30E+09
1.48E+09	1.36E+09	1.24E+09
1.32E+09	1.42E+09	1.28E+09
1.34E+09	1.24E+09	1.32E+09
1.38E+09	1.30E+09	1.38E+09
1.28E+09	1.36E+09	1.44E+09];

G7=[4.40E+05	3.80E+05	3.60E+05
7.20E+05	7.40E+05	7.40E+05
3.60E+06	3.80E+06	4.00E+06
6.00E+06	6.40E+06	6.40E+06
1.02E+07	9.40E+06	9.00E+06
2.00E+07	2.40E+07	1.80E+07
3.80E+07	4.20E+07	3.40E+07
7.00E+07	8.20E+07	6.40E+07
1.20E+08	1.40E+08	1.60E+08
2.00E+08	2.20E+08	1.80E+08
3.80E+08	3.80E+08	2.60E+08
4.60E+08	4.80E+08	5.00E+08
5.40E+08	5.40E+08	4.80E+08
6.40E+08	7.00E+08	7.80E+08
8.20E+08	9.80E+08	9.00E+08
1.00E+09	1.04E+09	1.10E+09
1.06E+09	1.12E+09	1.18E+09
1.20E+09	1.24E+09	1.20E+09
1.30E+09	1.28E+09	1.36E+09
1.32E+09	1.32E+09	1.26E+09
1.36E+09	1.30E+09	1.38E+09
1.48E+09	1.28E+09	1.36E+09
1.40E+09	1.30E+09	1.26E+09
1.30E+09	1.38E+09	1.34E+09
1.36E+09	1.24E+09	1.20E+09];

G8=[3.60E+05	3.20E+05	3.20E+05
5.60E+05	5.80E+05	6.00E+05
3.40E+06	4.00E+06	3.60E+06
6.00E+06	8.00E+06	6.40E+06
9.80E+06	1.14E+07	1.00E+07
1.60E+07	1.40E+07	2.40E+07
3.20E+07	2.60E+07	4.00E+07
6.00E+07	5.20E+07	7.80E+07
1.20E+08	1.00E+08	1.00E+08
2.00E+08	2.20E+08	2.60E+08
3.00E+08	4.00E+08	4.20E+08
4.00E+08	4.80E+08	5.40E+08
4.60E+08	5.40E+08	5.40E+08
4.80E+08	5.60E+08	6.00E+08
6.40E+08	6.80E+08	7.40E+08
8.40E+08	8.60E+08	9.20E+08
1.00E+09	1.06E+09	1.02E+09
1.10E+09	1.18E+09	1.08E+09
1.20E+09	1.26E+09	1.28E+09
1.32E+09	1.34E+09	1.32E+09
1.24E+09	1.36E+09	1.26E+09
1.38E+09	1.40E+09	1.36E+09
1.40E+09	1.44E+09	1.24E+09
1.22E+09	1.38E+09	1.24E+09
1.44E+09	1.30E+09	1.20E+09];

Goff=[4.60E+05	3.60E+05	3.40E+05
6.40E+05	5.20E+05	6.40E+05
3.40E+06	4.00E+06	3.20E+06
5.40E+06	6.60E+06	6.40E+06
8.80E+06	1.00E+07	1.08E+07
2.00E+07	2.20E+07	3.00E+07
4.00E+07	4.00E+07	4.40E+07
7.40E+07	8.00E+07	8.60E+07
1.00E+08	1.80E+08	1.40E+08
2.20E+08	3.00E+08	2.60E+08
4.00E+08	4.40E+08	4.40E+08
4.20E+08	4.00E+08	5.80E+08
4.00E+08	4.80E+08	4.20E+08
3.80E+08	5.40E+08	4.00E+08
3.80E+08	4.80E+08	4.00E+08
5.40E+08	4.00E+08	3.80E+08
4.60E+08	3.20E+08	3.80E+08
3.40E+08	4.80E+08	3.40E+08
4.00E+08	3.80E+08	5.40E+08
4.20E+08	4.00E+08	4.60E+08
3.00E+08	5.60E+08	2.80E+08
5.20E+08	3.40E+08	3.80E+08
4.00E+08	3.60E+08	5.00E+08
5.20E+08	4.00E+08	3.80E+08
3.40E+08	4.20E+08	4.40E+08];

G12 = [6.40E+05	7.60E+05	7.40E+05
8.00E+05	9.20E+05	8.40E+05
2.40E+06	2.00E+06	2.20E+06
4.40E+06	3.80E+06	4.40E+06
8.40E+06	7.20E+06	8.20E+06
1.80E+07	1.60E+07	1.40E+07
3.40E+07	2.80E+07	3.00E+07
6.20E+07	5.40E+07	5.80E+07
1.18E+08	1.06E+08	1.06E+08
2.00E+08	1.80E+08	1.80E+08
3.80E+08	3.20E+08	3.40E+08
4.00E+08	4.60E+08	4.40E+08
4.20E+08	4.60E+08	4.20E+08
4.80E+08	4.40E+08	3.60E+08
5.20E+08	4.80E+08	4.40E+08
4.20E+08	5.20E+08	5.00E+08
5.00E+08	5.80E+08	5.40E+08
5.40E+08	5.20E+08	4.80E+08
5.40E+08	5.20E+08	5.40E+08
6.20E+08	6.00E+08	6.60E+08
6.60E+08	6.20E+08	6.80E+08
7.20E+08	6.60E+08	6.60E+08
8.00E+08	7.40E+08	7.00E+08
8.40E+08	8.00E+08	7.80E+08
8.80E+08	8.20E+08	8.40E+08];
